144503924
2451569770
390321909
4761260517
4763210295
1230939811
2550056374
3294282629
4061203382
4499338915
2534155497
3007885565
4336482746
451265524
791925651
2403699729
3005794070
4061203190
4605631045
4763207899
145074777
3732387125
4763209871
4763847308
7787186
2450743885
2553832700
3308750600
3541292073
4061675184
3006946827
3065654531
3190306185
3261774945
3733440395
2401584750
299768792
3023420658
4210274024
442337651
2274089022
4181108300
418635708
4211723460
4749057567
2425891764
339296129
3513049256
3766774652
4211723816
2270013615
2795236586
3187422169
3652933741
470289641
236248972
2583801040
3125626922
354643240
4211723698
185712356
2070616132
3456463952
427128537
4698952282
2237130264
3333221097
3726202356
4329940418
4585454903
255547402
3343182248
3369741917
3739623921
4253420625
2725772074
2874574766
2978106177
3218275786
4559760305
2789662807
2789664089
3089967648
3621549337
4400566703
2790511610
3625726534
3665300694
4435973547
4618294181
2080839955
2846084211
3099884211
3369768399
3577850173
2674622648
3534174626
4129431162
4199842585
4253102363
108232382
2950778833
3256349355
3415435326
4233825758
2445745857
3382280605
4226875900
4370721779
4449281604
1107796028
3378307349
3981421654
399293334
4720150629
2121332821
3259516433
3386936621
4743157495
653466096
132888485
3289829246
391805226
4448830339
4512438754
1354674694
18945268
233507685
2435021305
332913436
2435838064
2962045
4023480867
4162347545
4427242482
194328418
246526320
2476100758
4200918689
542894584
1485104539
2940596257
3759339764
3953073564
474572183
128500912
3171215617
386268634
4451970390
87630579
1412494805
159166596
2209126349
3765988249
4764653103
3193687005
3422008846
436255718
455162201
51660550
2792076321
3468967682
3697311253
3828086787
4316401444
2090094285
2329810624
2989750063
4669468410
51660551
2180293872
2350505168
321721915
3788581334
4599548273
115519078
3370538988
3491687556
4250525590
51660552
159166594
2348900650
3088544942
3667849273
4150061002
3103582592
3325271357
362712915
3777915073
4006894378
2350426312
2680574577
3428192889
4347515520
4641707954
2587818591
339019736
362855616
4737345823
4749623965
2548848227
3046979862
3654486044
4056335981
406184685
213783134
2160849129
2459989055
28271069
3669539019
1224628248
3206116179
3300554626
3571544780
43671206
2201490255
3055058872
3455836079
4621612035
4758382348
3270796445
3792061769
3979038472
4449683069
788959598
3016882365
4115509028
456474304
4578493801
513227877
1224626332
165133120
3645362205
4581405295
4752700666
2445982293
2519143928
3299731311
3394794243
3967091276
165691999
224886291
2938879364
3321350768
4219499614
2228221904
2485974348
3324939734
4218732095
4280085481
255740214
2938026725
3514397412
4253115679
4422086623
3311766713
3350050876
4219499546
4384704926
4417603925
1201452086
3745298879
4218731913
744776649
879397507
2514607078
3321350350
3846421099
2463217235
4788413611
2766150734
310688144
4582547214
4583055527
50302921
2132909220
2774437111
2786523391
2898435362
4353886132
2533950636
2777121253
2777758833
3958261033
4759888406
2839448306
3904333688
4080113868
428085258
4493513795
272645705
2783736621
3101679471
3231215333
3889420667
2762358474
2777979668
2780928833
4582547170
4584588907
3051999324
3520033212
3785668123
3831371619
3960429630
170557401
3147491623
3244264597
3786492252
4261671591
2169121853
4373836086
4458514217
4553341804
4623943974
3800082210
3890972492
4169127109
447227594
786529071
3190556167
3510604107
3860951501
4405304896
4602079969
1251769192
18526789
3786440680
3969698402
4013254976
2256858637
3204050952
3496048941
3734548574
4453898896
1263617360
2675240640
3283915433
3496862594
3734516894
2675240646
3201785057
3496048421
3496863144
3655901349
1492071424
2729995962
3250788579
335747955
3930801475
13455389
2317967173
335747797
40394187
468087631
3462654085
3734587026
4018954001
4162862374
4479087754
189568643
198509094
2407784266
4645582512
516366872
1925162720
2652633857
320803821
4600427219
79556016
1352999361
145116964
320803742
3767119813
582467906
2333110366
2364685038
2413159667
3675228207
3743856885
111389662
1833817340
2111299790
2921061781
3330276462
153237185
2318775604
2868736304
413894023
4721737396
2913811697
3091292844
3261970877
3473801010
3497593254
142479250
2073826793
3835918737
3933416555
4757315595
2616906744
2887641700
3230189747
3274818430
4006128651
162002009
239985057
2677577557
3729765088
3858957735
284602830
3259683064
3880542136
4365790620
4425356623
260863506
2650126854
2681480174
490597155
89201664
1381841108
1408921955
2792546855
2865521932
4505787674
202435355
2958187326
3320880343
3528741517
427097328
117933049
3579477706
4254091188
4443388098
455131100
18581717
2224243813
3320878793
4064818171
43608011
108232417
109950015
123937306
3323870855
4002343429
250858537
2516793607
3284636128
3405883135
427099501
2452451692
3116688672
3728967967
844909343
882748860
2518709496
2794725337
444595750
4701866293
4724828428
2530090035
2716412211
4379408143
4702500410
557839607
1359885883
208158931
3571331128
3667849173
4205812739
2368653535
2460201219
2656155309
3570522135
4191547874
2421560364
2809730445
4195591095
779749903
1075391489
2531530868
2855164257
2891341625
4316555119
605288903
229746392
3168295809
3948869874
4416492947
513620863
2427198460
2609822722
3361771335
4043571759
4573390606
1597577216
351548830
3624592154
3892997631
3963201475
144488978
2584787090
2838426683
355018646
4731055503
2427200136
3054222264
3752341982
3836904950
4376175015
2960027434
3117510822
3154099645
372180408
3118428220
3202360116
3213763363
3218467456
3237339381
2988490694
3189955469
3207823105
3578893662
3586306186
2650497443
2983583413
3002642406
3088829946
3880700257
2519368987
3103735966
3177582448
3528942547
4756751062
2844210941
3161927635
3189246589
3190245804
4653393540
2795207851
3301525494
4315831502
4472726837
4491308340
4077900663
4507852944
452091543
4598657721
538649986
1402065041
1690276845
4213412628
4506432358
4537970631
3334662226
3429181479
3547613093
4185417313
4208076672
3153892834
3424492874
4206331221
4426526983
98498585
1639660678
3563528611
360966316
4534861651
4537956983
231655451
3164722903
3270797445
3521287781
4146264467
2383222548
282628483
3165553650
3674972656
4257763673
2406598998
282208842
3109158407
3164722529
96668817
2457001875
2760763703
3165551816
3678571616
99816106
2578628547
2858462390
3237225190
3260956088
3895511729
3165552688
3888553492
397194032
4524715145
498161252
310764290
3580857943
4109425486
4525736729
4559666515
1508285598
2463686290
2662264721
4429895221
4707086638
2073319900
3101502490
3223329020
3373561589
3585256422
1358914296
3618901730
3951357997
4152834821
4225050520
1358914336
212161092
2246298716
2615405816
3373563795
2646033238
2730165711
2941703909
3988463526
4563793158
2149071419
3487994615
3539566827
4330810490
4750267378
2219451836
2356560497
2866536247
3872220190
4049367740
19731441
2618900486
3531294484
3850753534
704793401
193274877
2244358347
3953312516
4027042513
4486111617
3342270648
42948260
2801899525
3544071352
4213622833
2725852441
2900584649
3491655774
4369857005
4387407495
1391981336
2421405885
2974365916
3270912795
3841255177
229840376
2422219264
2920059304
444194253
4576205927
2416565238
2418409523
3239862307
389081363
4191201241
2562313655
2568847460
2818828296
2993064866
3778060828
1484583303
2196352484
228153666
2439319086
281143123
228464385
2421111243
281143147
388483008
3900599890
2920077270
3907298910
3907307172
4223850527
4290942909
2175802759
2176584286
2515731280
3906521939
3906524725
2175812747
3152384527
3907306684
4319198593
4367483371
1111800334
3039312526
3484102206
3761584256
3818214962
2926640633
3349950493
3907299992
4079945682
4570784808
2698169582
3153222474
3776295441
3907306056
4456691378
3947084971
4284675151
4310191138
4346142355
4771735876
3490411517
4283515483
4288066329
4371354206
4771691508
2867420595
320988995
4346890164
4621621793
4771736332
320988997
3270957373
3654162612
3820383802
4283515433
2274303482
3654131280
4406609329
4445560611
4684596669
2982186650
3335592732
3682264340
4348579451
4408640253
2423654138
2656406197
3119389772
3817452506
4185986382
258770610
3231989873
332368134
3705989051
50082240
2423655766
2766852637
2767698530
3602903123
3834509832
170453766
1888260223
2445338870
2620571508
4690656866
2908611911
3271369237
3531689273
4152379789
4177800765
3119389942
3408406007
3707178119
4122049731
4434414
2126991906
217288720
2472817996
2514220918
386891249
3797114221
3905787011
3972897298
4120098544
50471578
2727066466
3002734592
3107573789
3950663671
4682534504
2263927086
2792685284
3854044541
386891274
390297596
2654519236
2767935306
3221088943
4694467394
82412168
2168708196
2990076322
3469867139
3992886999
82413169
